01 6622 M GAVIN SHAFER         19740201 026000 01521 03362 00075 021042
01 6622 M GAVIN SHAFER         19740215 026000 01521 03362 00175 020942
01 6622 M GAVIN SHAFER         19740301 026000 01521 03362 00175 020942
01 6622 M GAVIN SHAFER         19740315 026000 01521 03362 00050 021067
01 7078 F VERA ALSTON          19740101 030000 01755 02304 00050 025891
01 7078 F VERA ALSTON          19740115 030000 01755 02304 00100 025841
01 7078 F VERA ALSTON          19740201 030000 01755 02304 00050 025891
01 7078 F VERA ALSTON          19740215 030000 01755 02304 00000 025941
01 7078 F VERA ALSTON          19740301 030000 01755 02304 00075 025866
01 7078 F VERA ALSTON          19740315 030000 01755 02304 00100 025841
01 8093 M GRADY KAISER         19740101 045000 02633 05819 00175 036374
01 8093 M GRADY KAISER         19740115 045000 02633 05819 00100 036449
01 8093 M GRADY KAISER         19740201 045000 02633 05819 00100 036449
01 8093 M GRADY KAISER         19740215 047500 02779 03648 00100 040973
01 8093 M GRADY KAISER         19740301 047500 02779 03648 00175 040898
05 1720 F PAULINE WINSTON      19740101 013000 00761 20110 00050 010080
05 1720 F PAULINE WINSTON      19740115 013000 00761 02110 00000 010130
05 1720 F PAULINE WINSTON      19740201 014000 00819 02272 00075 010834
05 1720 F PAULINE WINSTON      19740215 014000 00819 02272 00175 010734
05 1720 F PAULINE WINSTON      19740301 014000 00819 02272 00050 010859
05 2116 M HERMAN COX           19740101 010000 00585 01293 00175 007947
05 2116 M HERMAN COX           19740115 010000 00585 01293 00175 007947
05 2116 M HERMAN COX           19740201 010000 00585 01293 00100 008022
05 2116 M HERMAN COX           19740215 010000 00585 01293 00100 008022
05 2116 M HERMAN COX           19740301 010000 00585 01293 00075 008047
05 2116 M HERMAN COX           19740315 011000 00644 01187 00100 009070
05 6925 M ADOLF TRUJILLO       19740115 012500 00731 02379 00050 009340
05 6925 M ADOLF TRUJILLO       19740201 012500 00731 02379 00100 009290
05 6925 M ADOLF TRUJILLO       19740215 012500 00731 02379 00175 009215
05 6925 M ADOLF TRUJILLO       19740301 012500 00731 02379 00075 009315
05 6925 M ADOLF TRUJILLO       19740315 012500 00731 02379 00000 009390
10 1504 F TIFFANY KEIR         19740101 029000 01697 03129 00050 024124
10 1504 F TIFFANY KEIR         19740115 029000 01697 03129 00000 024174
10 1504 F TIFFANY KEIR         19740201 029000 01697 03129 00075 024099
10 1504 F TIFFANY KEIR         19740215 029000 01697 03129 00000 024174
10 1504 F TIFFANY KEIR         19740301 029000 01697 03129 00000 024174
10 1504 F TIFFANY KEIR         19740315 029000 01697 03129 00050 024124
10 6640 M ALEXANDER CATHEY     19740101 032500 01901 06185 00000 024414
10 6640 M ALEXANDER CATHEY     19740115 032500 01901 06185 00175 024239
10 6640 M ALEXANDER CATHEY     19740201 032500 01901 06185 00175 024239
10 6640 M ALEXANDER CATHEY     19740215 032500 01901 06185 00175 024239
10 6640 M ALEXANDER CATHEY     19740301 032500 01901 06185 00100 024314
10 6640 M ALEXANDER CATHEY     19740315 032500 01901 06185 00100 024314
10 9465 M STEVE HUGHES         19740101 029500 01726 04788 00175 022811
10 9465 M STEVE HUGHES         19740115 029500 01726 04788 00000 022986
10 9465 M STEVE HUGHES         19740201 029500 01726 04788 00000 022986
10 9465 M STEVE HUGHES         19740215 029500 01726 04788 00050 022936
10 9465 M STEVE HUGHES         19740301 029500 01726 04788 00075 022911
15 2903 F KAYLA VERBECK        19740101 014000 00819 02272 00050 010859
15 2903 F KAYLA VERBECK        19740115 014000 00819 02272 00175 010734
15 2903 F KAYLA VERBECK        19740201 014000 00819 02272 00050 010859
15 2903 F KAYLA VERBECK        19740215 014000 00819 02272 00175 010734
15 2903 F KAYLA VERBECK        19740301 014000 00819 02272 00000 010909
15 2903 F KAYLA VERBECK        19740315 014000 00819 02272 00075 010834
15 5196 F CLAIRE KELLAR        19740101 014500 00848 01114 00075 012463
15 5196 F CLAIRE KELLAR        19740115 014500 00848 01114 00100 012438
15 5196 F CLAIRE KELLAR        19740201 014500 00848 01114 00175 012363
15 5196 F CLAIRE KELLAR        19740215 014500 00848 01114 00050 012488
15 5196 F CLAIRE KELLAR        19740301 015300 00895 02912 00175 011318
15 5196 F CLAIRE KELLAR        19740315 015300 00895 02912 00100 011393
20 5190 F MARYANN GLAZENER     19740101 009000 00527 01164 00050 007260
20 5190 F MARYANN GLAZENER     19740115 009000 00527 01164 00075 007235
20 5190 F MARYANN GLAZENER     19740201 009000 00527 01164 00000 007310
20 5190 F MARYANN GLAZENER     19740215 009000 00527 01164 00075 007235
20 5190 F MARYANN GLAZENER     19740301 009000 00527 01164 00050 007260
20 5190 F MARYANN GLAZENER     19740315 009000 00527 01164 00100 007210
20 6580 F CAROLINE TROMBETTA   19740101 008000 00468 00863 00000 006669
20 6580 F CAROLINE TROMBETTA   19740115 008000 00468 00863 00075 006594
20 6580 F CAROLINE TROMBETTA   19740201 008000 00468 00863 00000 006569
20 6580 F CAROLINE TROMBETTA   19740215 008000 00468 00863 00075 006594
20 6580 F CAROLINE TROMBETTA   19740301 008000 00468 00863 00050 006619
20 6580 F CAROLINE TROMBETTA   19740315 008000 00468 00863 00075 006594
20 9507 F ADRIANA CHANGAZI     19740101 008300 00486 01347 00075 006392
20 9507 F ADRIANA CHANGAZI     19740115 008300 00486 01347 00175 006292
20 9507 F ADRIANA CHANGAZI     19740201 008300 00486 01347 00075 006392
20 9507 F ADRIANA CHANGAZI     19740215 008300 00486 01347 00175 006292
20 9507 F ADRIANA CHANGAZI     19740301 008300 00486 01347 00000 006467
20 9507 F ADRIANA CHANGAZI     19740315 008300 00486 01347 00175 006292
25 0428 M MELVIN BEHRENS       19740101 007800 00456 00842 00000 006502
25 0428 M MELVIN BEHRENS       19740115 007800 00456 00842 00175 006327
25 0428 M MELVIN BEHRENS       19740201 007800 00456 00842 00175 006327
25 0428 M MELVIN BEHRENS       19740215 007800 00456 00842 00075 006427
25 0428 M MELVIN BEHRENS       19740301 007800 00456 00842 00000 006502
25 0428 M MELVIN BEHRENS       19740315 007800 00456 00842 00075 006427
25 2003 M BALDWIN SIMONSEN     19740101 011000 00644 02093 00050 008213
25 2003 M BALDWIN SIMONSEN     19740115 011000 00644 02093 00075 008188
25 2003 M BALDWIN SIMONSEN     19740201 011000 00644 02093 00000 008263
25 2003 M BALDWIN SIMONSEN     19740215 011000 00644 02093 00100 008163
25 2003 M BALDWIN SIMONSEN     19740301 011500 00673 01487 00075 009265
25 2003 M BALDWIN SIMONSEN     19740315 011500 00673 01487 00175 009165
25 6491 M LEO TILLEY           19740101 010100 00591 00776 00050 008683
25 6491 M LEO TILLEY           19740115 010100 00591 00776 00075 008658
25 6491 M LEO TILLEY           19740201 010100 00591 00776 00050 008683
25 6491 M LEO TILLEY           19740215 010100 00591 00776 00075 008658
25 6491 M LEO TILLEY           19740301 010100 00591 00776 00100 008633
25 6491 M LEO TILLEY           19740315 010100 00591 00776 00000 008733
